          15
   88   95   98  102  100   97  100   96  102   97  108  107  102  100   96
   12    7   15   19    2   14    7   19    9    3   20    0   17   13    4
    0   16   19   10    2   13   17   20    3    9    6    3   19    9   13
    1    0   10   19    3    7    9   18   20   14   10   11   17    5    7
    8   17    0    7   19    6   10    3    3    6   14    4   12   20    8
   18   13   10    0   18    1   14    4   16    3    6   13    2    2   15
    2   14   14    3    0   10   12    6   20   12    1    7   16    6    3
    4    2   10    1   16    0   20   13   17   10   15   19   12   18    6
    5    5   19   18    5    2    0    8    5   15   17    0    0   11    2
   13   18    4   15   19   13    3    0   18   14   12   16   15   16    5
   19   17    9   11   17   20   20    3    0    2   10    4    0    8   13
   13    6   20   19   15   13   12    7    5    0   11    5    5    8    7
   11    9    3   10   11    0    9   19   18    4    0   14    3   19    3
   14   17   18   10    0   13    0   20   19    8    4    0    1   18   15
    7   20    1   10   12    0    7   13    5   13    5   11    0   20    4
    7   14   17   13   19   10   11   10   15    9    5    2   10    0    5
    0    5    6   18   12    8   20    0    1   17    7   18   12   18    0
