        25
99 93 106 99 94 97 100 93 95 101 104 92 98 102 93 97 109 96 106 95 99 101 101 93 93
  0  0  0  0  0  0  0  0  0  0  0  0  0  0  0  0  0  0  0  0  0  0  0  0  0
  0  9  8  7 11  8 10 12  8  7  9  8 10  8  9 10 10 11  7  8  8  9  8 11 11
  7  0 10  7 10  7 10 11 10 10  8  8 11 12 11 12 12  9 12 10  7  9  9  7 11
  9  8  0  8  9  9  7  8  7  9  9 11 10  9  9 11 11  8  8 12  9 12  9  9  9
  8 11  9  0 10 11  8  8 11  8  9 11 11 10 10 11  8  8  9 11 11  7  8  7 11
 10 10  8  9  0 11 10  8 10  8 10 10 11  7 12  9  9 10  9 10  8 10  7 10  9
  8 10 10  8  8  0  8 11  8  8 11  9  7 11 11  8 10 11 11  7  8 10 10 10 10
 11 11 11 10  9  8  0  7  9  9 10 10 11 10  8 12  7  7 12  8 11  7  7  9 10
  9  7 10 11  9  7 12  0 11  9 11  9 10 12 10 12 12  7 12 10  9  9  8 12 10
 11  8 11  7 11 12  7  9  0  7  7  8 11  8 12 10  9  9  8 12 11 10 12  7  7
 11 11 10  9  9 11  8 10 12  0 10 10 10  8 12  8  9 10  7  9 11  9  8  9  9
  9  7 11  9  8 12  9  9  7  9  0 10  8  9 11  8 12  9 11 11  8  7  8 12  8
 12  8  8  9 11  7 12 10 10  7 11  0  9 11 10  8 11 10  7  9 10  8 11  8 10
 10 10 11 10 11 11  8 12  9 11  9  9  0 12  7 10 12  8 10 10 11  8  9 11  9
 10 10  8 12  9  9 10 10  8 10 10 10  7  0  7 10 12 11  9 10  9  9  9  8  8
 11 12 10  7 11  8 12 10  9  9  7 11  8  7  0  7  8 12 11 10 10  7  7 10 11
  7 11  7 10 11  8 10 10 11 11 11  9  8  7 11  0 11 11  8 12 11 12 11 11  8
  9 10  8 11  8  9 11  7  9 11  9  9 12  9 11  9  0  7  8  8 10  8 12  9 11
  9 11  7  7 11 12  7 12 11  8  8  9 12  9 11 10  9  0 10 10  8 10 12  8 10
  9 12 11 10  9  8 10 11 10  9  8 10  9  9  9 12 11 10  0 11 10  9  9  8  8
 12  9 10 12 10  9 11 11  9  7 10  8 11  9 11 10  9 11 10  0 10  8 11  8 12
  9  9  8 12 12  9 12 10 10  8 11  7  8  7  7 11 10  7  8 11  0 10  8  7  9
  8  9  8 10  7 12 10  8  8 10  8  8 11  9  7  8 10  9 11 10 11  0  7  9 11
  9  8 11 11 12 11 11  8 10 10  7  9  8  9  8 11  8  9 10 10  7 10  0  9 11
  8 11 10 11  9  7 12  8  7  8  8 10  7 10  9 11  9  9  9  9  9 11  7  0  8
 10 11 10  7  9 11 10 10  8 10 11  9 11 10 11  8  7  7  9 10 10  9 11 11  0
