          15
  130   63   62  113  115  104  131  129  103  119  132  112  111  130   74
    8   10   12   10    4    6    1   11    2    0    7   15   16   13    7
    0    9   10    7   17    3    1   15   15    2   13   15   17    9   17
   15    0   14    3   12   13   18   15    1    1   19   14   14   14   18
   20    6    0   20    2   12   11    8    2   17    5    3    1   20   19
    4   17    2    0   13   15    1   18   16    5    0   16   15   16   13
    5    7    2   13    0    5   17   18    8   17   12   18   20   19   14
   16    4   18    1    3    0   11   11   13    4   18    8    6    7   18
    8    3    1   15    5   15    0    0    0   18    5    9   15   19   18
    6   17    3    5    0    5   19    0   16    3    5    7    0   20   12
    3   11   20    9   10   14   13    8    0    2    7   17   15   20   17
    6   14    0   17   15    6    5    7   20    0   10    6    6   16   20
   17   20    5    0   20    8   14   14   16   19    0    4   14    6    0
    3    8   20   17   14    7    9    4    1    7    5    0   20   18   13
   11   10    3    1    7   10    1    2    9    5    7   20    0   19   20
    8    1   16    4    3    8    0    3   15   14   17   12    4    0    4
    1   11    9    4    6   19   20   20    5    6    2   15    4   14    0
